Ἦ

La
16. 1419. Moto 11116161 6616116161 11636 166611 1116611666 6166311161, ¹

6611166161 3161611166 66 6661163 6 66661 6166611166 1111111111
Μ1611161 1111Ιὸ6 116616 1666616, 11636 111111ιό6611 6161
6111111111 6 111111 611611 6161666 611661116616 11636666 66 1ὄ1-
’11116 66611161 6 1111111111 116111 1166616161 66 ezer 616161)
61611661 16166666 ............

. . A 6616116661 §nummos utasitja 86661616161161 1611161
1666161, 116366 66661161 a 66311161 316161 1166161 a 1166-
16666663616161166661161116166611 3661661166. . , .

Α 66166616161161111611666 6163163666 161116 1611116116κό1-

1161, 11636 6 Bitu 66 8611611136 11111 1611161311 6111613666-
161616361111166661 66 6366116111611 6 Β61111611613616661- ·
111 a lakosokat 1116366111 111616666661 ..... ἴ

Α 6616116161 61161616ηὲ66 1611166616 6861611136 66166
6616161616 1111161116 366163 61666161 1113661161. . .

A 6616116161 61161111611666611616616166131 him 66 86116111-

36161 1ὀ111113661161666661611161666 1116161161 1111166116
11166161 6616611 ,,,,,,,,,,,,

A 661666661611611116111661161616 1111161161 66116611 611161-

6611 6 1161661616ιέςί 11111 611611, 11636 6 6616116161 (16111161

16666161, 116611 a Sebenigoikat 6666111611 66 (111166, 61

61631666116111 1611 ...........

. . 1161611611161681611161616116111661116616161111111 . .

Α 6616116661 611616166666 11161616 1116161166 161116 1611661

· , 11661111 6611161166 66 111161 .........

A 6616116661 611661166666161116 1611661 61666111 11661111
1111111 a 6616161166 6 11166611 66 1136111611 113661 1111361- “

11611; 66111611 a 11163661 1116161166 616161 6116111 116116166-

166 66 6116166161666311113616616116166611161 1663661111-

161666, 6 1116116161 11366661 61111666666 6 6661161136 1611-

3661 1111116111 6661611611 6616 111666161166 66 1611161116 1111-

6666636 1113611166 ...........

Α 6616116161 6116161666661611161116616661 a 1111611 6111166-

111111166161 66616 11116166 1666161 161166666166 663611 111611.

Α 6616116161 611616166666 6111161 6116661166 1116111116

lovan 66 366163 1113666166 6111 1611661 ......

Α 6616116661 61611166666 1611161 1116616661 16616116163

116111 61166136 16111 (1616661161 66616 11116161, 661666

161111111666 663611 ...........

Α 6616116661 61166166666161116 1611661 11661111 11111 6

6666661166 66 a 11163661 1116161166 a 11161 6116111 116116-

1116 1111666166 663611,1111111116611 az 11161111 1116161 Bosz-

, 1111111611 1116611616 166161111; 66316 66116661 11111 66 636

. 11163611 661361616666311166161666 1613611166 61661166 . 119 ³

 

